1111111111111111111
1000000000000000301
1000000000000000001
1000000000000000001
1111110000000111111
1000000000000003001
1000000000000000001
1000000000000000001
1111110000000111111
1000000000000000001
1000000000000000001
1000000000000000001
1111110000000111111
1000300000000000001
1000000000000040201
1000000000000000001
1111110000000111111
1000000050000000001
1000000050000000001
1000000090000000001
1111110000000111111
1000000000000000001
1000000000000000001
1000000000000400001
1111111111111111111
